0

0
447.263,1315.621
217.018,2014.060
177.281,1979.470
1835.040,391.924
1779.793,780.528
1567.628,146.890
1471.730,433.597
1325.089,1109.214

1

1
566.138,1435.977
1954.776,513.460
1899.270,902.032
1687.457,268.302
1591.345,554.872
1444.176,1230.379

2

2
424.699,1453.190
2036.973,113.845
1823.279,546.171
1763.533,933.968
1558.827,298.094
1459.602,583.486
1305.032,1257.205

3

3
330.455,1448.157
1934.019,98.669
1723.173,532.235
1665.921,920.337
1457.223,285.845
1359.842,571.827
1209.601,1246.467

4

4
517.486,1309.094
284.834,2006.589
245.231,1971.857
1908.610,390.242
1851.965,778.716
1641.995,144.263
1545.060,430.675
1396.002,1105.831

5

5
523.547,1467.208
1917.559,552.992
1859.787,941.169
1651.743,306.279
1553.962,592.219
1402.824,1266.790

6

6
818.632,2002.450
569.193,1227.205
333.888,1923.509
294.436,1888.630
2021.785,2014.692
1964.193,313.814
1905.892,702.185
1698.510,66.684
1600.355,352.830
1448.481,1027.514

7

7
431.468,1345.719
194.178,2041.928
154.785,2006.936
2041.402,3.056
1828.373,435.983
1769.276,823.974
1563.439,188.320
1464.701,474.008
1311.342,1148.086

8

8
923.642,1968.782
667.938,1195.689
438.407,1893.690
398.687,1859.136
2000.525,659.750
1787.929,25.781
1692.046,312.829
1545.583,988.876

9

9
637.773,2011.185
388.308,1235.813
152.779,1932.394
113.300,1897.513
1840.603,2022.971
1783.178,322.788
1724.895,710.980
1517.698,75.623
1419.572,361.639
1267.705,1036.145

10

10
654.964,1480.995
1993.698,960.797
1788.278,324.881
1689.223,610.465
1535.119,1284.496

11

11
866.569,2015.081
612.624,1241.289
381.404,1938.922
341.755,1904.271
2002.326,319.711
1946.296,708.448
1735.156,74.152
1638.669,360.882
1490.735,1036.472

12

12
684.736,1351.776
411.572,2013.993
2020.277,823.337
1811.053,188.477
1713.667,474.811
1563.584,1149.883

13

13
844.213,2044.344
593.823,1269.314
359.351,1965.966
319.857,1931.129
1987.662,354.187
1929.884,742.614
1721.644,107.435
1623.867,393.671
1472.873,1068.523

14

14
657.477,1359.855
381.860,2021.124
1994.885,836.313
1788.000,200.738
1689.583,486.685
1537.053,1161.166

15

15
623.103,1435.291
2017.344,521.044
1959.502,909.335
1751.426,274.288
1653.585,560.314
1502.357,1234.986

16

16
718.209,1443.231
1843.793,279.369
1746.623,565.694
1597.012,1240.835

17

17
468.469,1357.931
193.410,2019.780
1863.187,444.787
1805.032,832.943
1597.618,197.780
1499.571,483.715
1347.845,1158.183

18

18
886.249,2020.223
630.151,1247.134
400.885,1945.399
361.141,1910.857
2017.302,321.657
1962.358,710.561
1749.427,76.851
1653.738,363.855
1507.690,1039.869

19

19
612.770,1439.922
2005.210,522.984
1948.127,911.373
1738.826,276.748
1641.546,562.954
1491.635,1237.904

20

20
696.741,1286.610
464.244,1983.815
424.667,1949.081
2031.534,756.159
1821.419,121.480
1724.413,408.041
1575.264,1083.409

21

21
743.745,2014.110
493.514,1239.055
258.818,1935.722
219.319,1900.882
1946.773,2024.937
1887.489,324.418
1829.600,712.761
1621.647,77.554
1523.802,363.733
1372.628,1038.480

22

22
1008.539,1982.823
761.442,1206.911
524.223,1902.249
484.899,1867.250
25.098,552.854
1894.444,49.336
1795.359,335.360
1641.383,1009.846

23

23
843.422,2011.405
593.144,1236.419
358.608,1932.966
319.120,1898.128
2046.676,2022.401
1987.171,321.472
1929.299,709.922
1721.190,74.644
1623.347,360.903
1472.214,1035.768

24

24
923.800,2043.704
674.442,1268.363
439.119,1964.605
399.681,1929.714
2011.342,743.357
1803.851,107.821
1705.675,393.988
1553.769,1068.735

25

25
777.286,1339.654
542.998,2036.300
503.515,2001.452
38.268,688.894
1904.961,177.344
1807.236,463.661
1656.398,1138.704

26

26
580.167,1326.690
342.105,2022.307
302.783,1987.262
1978.486,418.645
1918.821,806.710
1713.724,170.618
1614.555,456.284
1460.238,1130.302

27

27
817.912,2012.074
569.687,1236.416
333.282,1932.371
293.884,1897.429
2021.078,2026.198
1966.098,325.215
1907.201,713.486
1700.801,77.681
1602.205,363.662
1449.289,1038.097

28

28
642.812,1404.533
2028.892,477.829
1974.484,866.661
1760.762,233.430
1665.454,520.363
1520.222,1196.395

29

29
770.853,1311.644
539.836,2009.311
500.192,1974.653
28.765,664.318
1893.146,144.064
1796.734,430.858
1649.003,1106.610

30

30
1054.888,2025.527
808.296,1249.345
570.604,1944.567
531.306,1909.534
72.543,594.887
1942.053,92.505
1842.798,378.453
1688.416,1052.855

31

31
696.854,1450.592
2035.988,931.219
1830.947,295.088
1731.684,580.667
1577.121,1254.662

32

32
633.000,1355.306
355.863,2015.969
2031.056,446.698
1971.549,834.817
1766.139,198.793
1667.077,484.502
1513.017,1158.611

33

33
739.679,1316.057
503.664,2012.103
464.265,1977.163
2.169,663.414
1870.221,156.585
1771.780,442.654
1619.251,1117.289

34

34
866.364,1284.652
638.098,1983.050
598.331,1948.544
121.971,640.286
1984.403,112.517
1889.032,399.791
1743.812,1076.268

35

35
896.403,1354.592
628.645,2018.740
151.818,710.625
2013.790,181.967
1918.608,469.238
1773.809,1145.770

36

36
875.943,1986.990
624.941,1212.306
391.115,1908.984
351.600,1874.186
2018.208,295.962
1960.668,684.525
1751.957,49.360
1654.356,335.763
1503.820,1010.834

37

37
678.799,1367.128
408.599,2030.611
2011.926,832.676
1799.834,198.797
1703.752,485.548
1556.732,1161.270

38

38
813.030,1311.773
579.512,2008.559
539.998,1973.755
73.386,661.819
1939.614,148.174
1842.149,434.653
1691.956,1109.925

39

39
746.458,1321.703
515.548,2019.463
475.895,1984.812
4.200,674.489
1868.473,153.975
1772.132,440.757
1624.553,1116.496

40

40
700.999,1417.071
2033.070,879.868
1819.597,246.479
1724.132,533.393
1578.545,1209.410

41

41
675.127,1340.392
440.274,2036.986
400.805,2002.114
2011.578,814.309
1803.494,179.074
1705.600,465.241
1554.320,1140.045

42

42
959.728,2025.209
705.804,1251.402
474.635,1948.946
434.996,1914.290
2039.661,718.493
1828.413,84.120
1731.903,370.907
1583.947,1046.596

43

43
935.870,2047.591
682.830,1273.435
450.819,1970.787
411.217,1936.083
2017.233,742.075
1806.711,107.531
1709.897,394.163
1561.202,1069.630

44

44
728.618,1397.166
1853.150,232.144
1756.220,518.614
1607.203,1193.937

45

45
782.739,1442.396
40.453,795.477
1904.197,274.363
1808.041,561.088
1660.848,1236.849

46

46
827.586,1328.381
597.761,2026.422
558.063,1991.824
84.548,682.378
1947.975,158.820
1852.039,445.806
1705.448,1121.871

47

47
797.009,1442.283
57.117,792.683
1922.736,278.313
1825.532,564.699
1675.875,1239.940

48

48
1183.372,2005.400
926.348,1232.621
698.105,1930.849
658.349,1896.346
182.051,588.263
2044.720,60.288
1949.259,347.674
1803.885,1024.296

49

49
1119.567,2032.694
872.916,1256.496
635.298,1951.694
596.002,1916.659
137.254,602.173
2006.710,99.437
1907.454,385.441
1753.097,1059.945

50

50
824.796,1296.655
595.582,1994.815
555.857,1960.257
81.180,651.264
1944.266,126.108
1848.545,413.207
1702.473,1089.419

51

51
1148.097,1992.968
898.845,1217.693
663.612,1913.587
624.202,1878.690
160.989,565.866
2028.890,56.670
1930.550,343.078
1778.389,1018.182

52

52
977.391,1342.636
743.025,2039.064
703.566,2004.194
238.907,691.907
2007.911,466.617
1856.814,1141.931

53

53
870.108,1309.897
637.313,2006.860
597.769,1972.092
129.932,660.743
1995.655,145.048
1898.450,431.676
1748.898,1107.183

54

54
1160.753,2009.053
907.627,1234.988
675.860,1932.076
636.277,1897.373
166.559,586.869
2031.841,68.359
1934.944,355.240
1786.177,1031.089

55

55
876.911,1326.171
646.754,2024.046
607.078,1989.426
134.299,679.842
1998.004,157.070
1901.900,444.053
1754.936,1120.119

56

56
995.543,1449.876
257.193,799.094
2026.029,573.931
1875.057,1249.204

57

57
972.996,1471.837
235.065,820.533
2003.998,596.619
1852.618,1271.743

58

58
1047.388,1277.294
815.363,1974.295
775.798,1939.561
306.823,629.037
1926.270,1073.727

59

59
824.089,1423.792
83.102,775.519
1947.855,257.787
1851.127,544.381
1702.615,1219.929

60

60
1005.647,1380.778
731.215,2042.160
267.807,729.414
2036.963,505.648
1885.314,1180.850

61

61
1339.676,2029.344
1086.635,1255.082
854.778,1952.066
815.209,1917.342
345.962,607.010
4.766,500.398
1965.558,1051.327

62

62
1078.389,1449.319
341.296,797.279
0.778,688.876
1958.428,1250.232

